OMB-1-102,222,689,69,56
OMB-1-104,157,685,60,56
OMB-1-105,322,639,25,29
OMB-1-118,291,638,25,28
OMB-1-106,352,638,27,30
OMB-1-108,157,600,48,40
OMB-1-109,259,607,29,28
OMB-1-110,289,480,26,30
OMB-1-111,322,606,26,28
OMB-1-112,353,608,24,26
OMB-1-113,157,559,49,36
OMB-1-114,259,557,26,28
OMB-1-115,291,557,24,26
OMB-1-116,321,557,25,27
OMB-1-117,351,558,27,25
OMB-1-103,260,639,29,29
OMB-1-119,292,607,25,27
OMB-1-120,155,489,51,49
OMB-1-121,150,214,26,31
OMB-1-122,151,177,46,33
OMB-1-123,151,128,24,31
OMB-1-125,253,285,27,24
OMB-1-126,253,255,28,26
OMB-1-127,252,225,27,25
OMB-1-128,253,197,29,25
OMB-1-129,286,168,26,24
OMB-1-130,369,285,25,24
OMB-1-131,336,256,28,26
OMB-1-132,336,226,28,24
OMB-1-133,337,196,27,27
OMB-1-134,337,167,27,24
OMB-1-135,337,136,25,25
OMB-1-136,300,54,45,31
OMB-1-137,335,284,31,26
OMB-1-138,368,255,25,25
OMB-1-139,368,226,26,21
OMB-1-140,369,197,27,24
OMB-1-141,369,167,27,22
OMB-1-142,369,135,28,24
OMB-1-143,352,55,47,28
OMB-1-144,452,286,26,23
OMB-1-145,452,256,27,24
OMB-1-146,450,225,28,26
OMB-1-147,451,196,28,26
OMB-1-149,451,137,28,22
OMB-1-150,493,53,46,36
OMB-1-151,483,285,25,25
OMB-1-152,482,256,26,23
OMB-1-153,482,225,26,24
OMB-1-154,482,197,26,23
OMB-1-156,483,137,24,22
OMB-1-194,381,557,26,25
OMB-1-200,227,480,28,31
OMB-1-201,382,607,27,27
OMB-1-204,253,167,25,25
OMB-1-205,254,136,27,25
OMB-1-206,285,136,28,24
OMB-1-207,227,551,27,23
OMB-1-208,404,53,82,39
OMB-1-210,452,168,26,21
OMB-1-213,320,524,25,28
OMB-1-214,350,525,26,27
OMB-1-215,382,526,25,25
OMB-1-216,320,480,27,29
OMB-1-217,350,480,27,28
OMB-1-218,381,480,26,28
OMB-1-101,307,689,53,56
OMB-1-220,210,76,36,16
OMB-1-221,258,54,37,31
OMB-1-222,211,54,38,19
OMB-1-224,180,127,25,31
OMB-1-225,150,264,19,22
OMB-1-226,171,264,20,21
OMB-1-227,193,264,20,20
OMB-1-228,149,295,19,25
OMB-1-229,173,296,18,23
OMB-1-230,193,296,19,21
OMB-1-240,182,216,25,28
OMB-1-199,258,481,28,29
OMB-1-196,257,526,28,27
OMB-1-107,383,639,26,27
OMB-1-219,365,689,45,55
OMB-1-xx5,413,624,17,28
OMB-1-198,290,525,26,27
OMB-1-124,149,55,57,35
OMB-1-xx8,149,55,57,35
OMB-1-157,594,50,39,48
OMB-1-168,593,51,38,47
OMB-1-169,635,50,44,47
OMB-1-182,694,51,70,46
OMB-1-188,769,50,47,44
OMB-1-190,822,51,53,42
OMB-1-162,887,50,84,45
OMB-1-167,618,131,30,28
OMB-1-175,650,133,26,24
OMB-1-181,741,132,26,26
OMB-1-187,772,133,28,24
OMB-1-211,815,133,27,25
OMB-1-195,844,133,29,24
OMB-1-148,923,136,47,32
OMB-1-155,617,162,30,23
OMB-1-174,651,162,27,23
OMB-1-180,740,162,27,24
OMB-1-239,772,163,27,21
OMB-1-189,815,163,27,24
OMB-1-161,916,172,55,40
OMB-1-166,620,190,26,24
OMB-1-173,651,191,26,22
OMB-1-179,739,191,31,24
OMB-1-186,772,191,28,22
OMB-1-160,845,191,28,24
OMB-1-165,620,219,27,25
OMB-1-172,651,219,26,22
OMB-1-178,742,220,26,22
OMB-1-185,771,219,26,23
OMB-1-237,845,219,28,24
OMB-1-209,914,223,17,25
OMB-1-236,935,223,17,25
OMB-1-159,953,223,16,23
OMB-1-164,620,248,26,24
OMB-1-171,651,247,25,24
OMB-1-177,741,248,29,22
OMB-1-184,773,249,26,21
OMB-1-238,845,248,27,23
OMB-1-234,914,251,19,21
OMB-1-235,935,251,20,21
OMB-1-158,955,252,17,17
OMB-1-163,619,276,28,25
OMB-1-170,651,275,25,24
OMB-1-176,744,277,24,24
OMB-1-183,772,276,26,23
OMB-1-212,845,276,29,25
